main_1_size:4
main_1_0_min:0
main_1_0_max:0.0009
main_1_1_min:0
main_1_1_max:0.0009
main_1_2_min:1.570796326794895
main_1_2_max:3.14159265358979
main_1_3_min:0
main_1_3_max:0.0009
numerical_kernel1_1_size:4
numerical_kernel2_1_size:4
numerical_kernel2_3_size:0
